400654261664
445089501015
458135545321
350510140452
438457808991
353193136965
258789540525
342574649545
346040761489
258448831186
361857447227
417642336877
432529020205
347564813517
289718750609
342152022647
347684201836
398336563901
417153554173
277725521893
440629391194
658895771873
465750991228
355088905137
432535958370
402509189376
289392361924
309450236466
305026644895
357475938322
381876187560
384058382845
417590650568
280451752677
423621892685
471748477735
697771179389
341912635653
437684806657
807577321725
395123075951
416649147356
398621156146
251941622947
438097098486
344331747884
449307845172
286545773641
336815805197
343663767997
406100813999
417658333532
438415163568
429093214659
284157153653
449708067326
451181965952
311856391434
422714663447
307187829265
440298849651
397593372882
358198533009
416237684034
445363303816
395855843156
355497171468
416320257206
337390789766
280969941594
402362525823
315054607809
466221313594
438082107438
664823135228
442091011907
313445400886
389735423798
345186112988
391081604066
370377951329
348876297347
421958080003
445865432762
449558164114
463995692627
275713042528
421054575557
357966805935
339737843339
411209669903
429119561323
659729859712
286762309876
338965370211
339255024135
354495548357
457580339943
697560112108
317713727620
421147639234
282831568366
312836417700
441161699977
296830435352
443486298361
415081663325
334556476294
660591194795
352631999087
348607515184
461014471475
415170151863
276075558153
411767115942
356528669336
434451518843
430903597671
340966927738
434172067637
443191379539
332795487408
402602777654
423850791773
375200995952
256078821447
335906949895
430807331395
281205762485
665790594186
282705227245
350711719457
429016323291
291776665528
419236973345
311644898886
422202693451
424492608160
353364850959
275764354212
333501894961
412801027542
277376468608
442311438033
451996094069
402443930911
288753532478
399967686755
442298841918
259377508699
314473730761
408374087298
341040454546
309170271365
349757490857
290931423843
402090834099
294827260178
397523043073
367031351342
346131079530
434465811527
447241366371
442509345549
416913148461
287936245174
409772514522
663577270858
365638057896
277019820336
299400689292
400503060202
435486984757
458083015921
429993458016
341578491198
661269770389
450525512418
347397961911
275645092479
438176026409
428160979811
406553782835
251477918187
432994308990
339844721919
310811750484
348543994609
338309390141
297835986559
345365256205
355123723436
428089009507
462745265012
457531235584
439352239361
806804230861
692304625340
294890866499
348560226899
344135275323
303281129058
693458976654
366970548226
410185270554
432018607399
281843667760
308911509101
660688242590
402109216502
402117015944
341803189456
432439842638
443119897558
461850967262
298836239316
414701020777
658759452054
341110084246
351160852207
284673383923
337241682840
389853432757
435972204048
416535954280
416389408304
344298211787
426709574404
450934886476
358155683846
425781216851
377307095276
386765552191
445743039236
254369357422
435144906671
692340166166
277747383882
315671951705
431661814543
357802359592
342392929119
441279430905
433711806669
341889293795
352117175820
436728282938
405924295509
344771776215
353570866232
320472780409
432141294244
453223635540
416866746004
339085023773
407274033794
332533328420
363304949926
425403284985
806898688227
342243882327
426049479155
257746965128
292370620593
355504836762
436372937895
424087270086
295072642870
290120691756
347770230573
360978637302
392369010050
436458011693
319624926468
348070777720
257515810451
292969392474
436669111465
422241276455
344289404259
342118458091
402403089277
665898808819
252004125634
399305860786
358101456944
414450853190
420141806376
434856806255
451625457043
399206513736
343061175776
345287272697
401217794186
428125775205
438624846696
429547662418
403526501530
417386741319
331171394835
347594907620
277737628153
346111305086
409126422190
425344794949
426575279342
337547982835
430213194089
463425733593
253784639014
307487369003
306304629627
343648073945
352831678843
438869723394
462153923146
463254404572
306123779176
383785066431
395757167909
428511523762
420302718050
469793342900
309213884439
306939646334
303785424314
416850250333
338082590189
662138802729
412715978916
425716314362
260328945173
344621663115
411283228911
304443264006
283536487525
254098446602
319343368488
355988627306
410214368177
428256060751
301107026031
421295409055
349104255795
388688262751
457823801183
356247624050
289600641657
369034500338
448597944671
357424440418
388682832349
380935766029
445433008061
304540432773
335858386038
316614420401
363299064079
436839028593
352704511949
469884490855
432743126752
460237098742
424699322043
346985913844
251459395326
434963597046
309887695584
428203126264
437934080455
428342215041
692023892429
338770737186
459952487634
465634376073
318365742818
350838236448
350280229692
457220360252
464574313476
348686239636
471752240233
347350024219
660980793417
280075973182
344790828810
283339911302
344406162376
353651970162
434656461616
252660067224
423774251216
452002417780
338633724629
355617255269
420063399239
344189094284
424451893255
451628931519
414234698757
399530020924
368286245202
275381389406
457740009877
430200223938
376290811184
421040844841
346817611771
401224350238
284801305322
402317642735
277000024682
348668936836
402731856404
433050118072
289364847951
347252160077
409436356505
411212319796
389128887114
696256445353
438312668968
253064075792
345081980149
346338026696
251368045398
256199052171
349372583637
437625572894
289770653399
417696731352
