# 2,753 SKUs the user manually removed from the Sheet (Amazon + eBay tabs,
# multiple data errors) on 2026-09-30 - many are expected to never have
# been live on OnBuy; the chain's delete step only actually removes
# confirmed-live listings (a not-found SKU is not an error).
252579055343
692304625340
692340166166
697771179389
702111652825
702228140826
702298584797
702311539025
702417223095
702451128790
702666292903
702693269923
708762885520
710702816860
711003914279
711279956928
712689586491
712896430921
713057750292
713218465652
713995331171
717963110553
727699898847
732853381196
733092801193
738216670167
738387767918
738940813427
738976875727
739701767249
743599854028
744622273878
751951559672
752044980618
752091431378
752111520051
752144149441
752432720567
754503128982
762623437754
762760363107
764130867963
764518709991
767747234784
777795721075
789045573655
789110238489
791945351394
791978318722
792002295866
792037252810
793377900591
794142342189
794146548013
800245101469
802104245468
804136632629
805128282914
806837940430
807011601734
855819263449
856333493107
856418346755
857122563858
864929946203
870102958802
874325519710
875039221876
880360977996
882917461804
884185446187
884563114929
886540343612
886725220080
886867650721
886964088052
887014979375
887251170139
887281509343
887644776733
887694565240
887802480731
887957643746
888425895476
888820668019
890192073209
892989576931
909974301529
473430383355
474511935845
476711282552
476782869393
478917577562
478982805829
480307835756
480991171024
482125501356
482150313023
482451769338
482453779106
482457914305
482983559346
483367443671
483576616538
484119632213
484391296462
484471502483
484675656920
484838579752
484895096148
485468751044
488844300645
488972948566
489107849055
489178867958
489211698846
492288117288
492842492646
493495485054
493581303415
494056931492
495291037956
495798770745
495821673258
495939283851
495956372989
499645829143
499689793394
499772463722
601676038320
601956098617
602598368649
602603933855
608273286420
609042733596
611429453317
617586204687
617730904005
617871671132
625551968137
632532947333
634065024116
634485054663
634632961202
634723895553
634745801976
634747464612
634885925334
634955211923
634958040216
635012297799
635106762974
635113571217
635124965784
635218653788
635381125150
635394559652
635451550691
635476653971
635511298426
635584315914
635668898944
635711095504
635760036947
635799123250
635821289619
635832518173
635919167089
636120668693
636154759510
636156525182
636175626068
636177613288
636184920683
636298738518
636306360793
636383538535
636391220439
636411724107
636452891578
636465769987
636481329271
497875561819
601347052112
636831996986
641185492978
641434590585
641562230902
641663090375
643260186949
643398175358
643453856284
644581289166
644693654036
645898416399
646024331074
646473180995
646591655139
163480245467
3012345678926-AMM
2842134296151-Messam
0898050921327-Messam
0604147465960-Messam
0358657338350-Messam
0336643038774-Messam
0655493024103-Messam
0655759014084-Messam
0655822724193-Messam
0701105274494-Messam
0701141076281-Messam
1234569878698-Messam
0336454568279 -zplus
238675482115
238679069541
238686366008
238762658515
238875942556
238882436949
238905801891
238916757477
238968707154
238972635849
238985358254
268384450945
268431310239
268508040984
268557300619
268609100099
268644048998
268652677487
268841485312
268928170391
269204245017
269430122793
269489999216
269519388430
269549523542
269642846548
269702924209
269831905148
269939631253
269949820845
269961812774
269985213212
270036034021
270111780973
270116126028
270120428866
270124077633
270132489121
270184201825
270407895824
270503018899
270770698978
270795512792
270810921097
270818634104
270826880944
270829144012
270860552593
270897550418
270900191898
270908190527
270926113607
270936986062
271015974758
271026482792
271094847486
271104628753
271140498532
271399602278
271503384649
271729542540
271750238368
271796377472
271864488260
271868829298
271921645841
271953419960
271954713012
271955655014
272000353275
272001897709
272043396949
272084856013
272102241692
272138628214
272218525204
272236498610
272278483483
272283833549
272312236846
272315301732
272341835843
272396338757
272399945839
272451436527
272477539028
272852010104
272932678804
272976172085
273022779845
273039548861
273044033543
273130361741
273366984158
273400184902
273404892452
273420347875
273435654449
273437982298
273549276384
273554537333
273582435359
273622461676
273916210119
274129535105
274181561128
274418429658
274474850021
274617340099
274956014668
274971740672
274977941073
275050846605
275151659562
275220241810
275317979640
275810865402
275925871787
276476116068
277492179662
277521704384
277566576762
277635408253
277648378246
277685291195
277687194258
277693917438
277736235895
277885449495
278282474103
278443532055
278484470552
278516558722
278622864830
278722567488
278766977281
278772735325
278774097858
278797450463
278814407739
278814436357
278922189046
278994635335
279080180395
279119650196
279159783281
279361526942
279505175906
279556898489
279592253242
279741676465
279855738400
280031344773
280183060439
280316518417
280544446131
280596339313
280759468591
281594685709
281736924888
282364985807
282385667744
283891685109
283919121558
283924688398
284049246333
285192874541
286528743661
286542721157
292155476018
292962542821
293123888086
293218315343
293444277712
293503657424
293546554858
293620267964
293712085100
293823514629
293987905578
294262083301
294263747684
294319324296
294520932334
294768958073
294922658146
294998249330
295126746547
295378822624
295408223209
295505125444
295507382906
295521383828
295708097401
295854824753
295895321877
295903832852
296155727354
296285839224
296322753353
296467709406
296513047070
296608276613
297140759169
298105169221
298334153640
299554762117
300421054423
336303084851
336524435517
336532953492
336545050812
336568070736
336577311097
336684450511
336719040908
336807788927
336851622192
337658665818
337688312508
337730433694
337744761714
337767307562
337778260894
337791691019
337860264731
337873173563
337892521222
337976504851
338002379719
338042423243
338352152314
338447237063
338970020279
338993290673
339044451135
339058212333
339099745449
339184390196
339223066983
340058503406
340062150917
340150567238
340160231983
340195014964
340225713874
340306203966
340355650018
340913180704
341001564697
341123255824
341282050513
341290098910
341315848223
341333673883
341378672155
341383289546
341394964241
341461867628
341469132414
254098446602
276075558153
283536487525
310811750484
317713727620
320472780409
331171394835
333501894961
334556476294
335858386038
335906949895
337241682840
337547982835
338082590189
338309390141
338770737186
339085023773
341803189456
341889293795
341912635653
342118458091
342152022647
342243882327
342392929119
342574649545
343648073945
343663767997
344135275323
344289404259
344331747884
344406162376
344621663115
344790828810
345365256205
346111305086
346817611771
346985913844
347564813517
347594907620
347684201836
347770230573
348070777720
348543994609
348560226899
348686239636
349104255795
351160852207
352117175820
352631999087
352831678843
353193136965
353651970162
358198533009
361857447227
363299064079
366970548226
367031351342
368286245202
369034500338
370377951329
376290811184
381876187560
383785066431
386765552191
388682832349
388688262751
389128887114
389735423798
395123075951
395855843156
397523043073
398336563901
399206513736
399305860786
399530020924
399967686755
400503060202
400654261664
401217794186
401224350238
402090834099
402109216502
402117015944
402317642735
402362525823
402403089277
402443930911
402509189376
402602777654
402731856404
403526501530
405924295509
406100813999
406553782835
407274033794
408374087298
409126422190
409436356505
409772514522
410185270554
410214368177
411209669903
411212319796
411283228911
411767115942
412715978916
412801027542
414234698757
414450853190
414701020777
415081663325
415170151863
416237684034
416320257206
416389408304
416535954280
416649147356
416850250333
416866746004
416913148461
417153554173
417386741319
417590650568
417642336877
417658333532
417696731352
419236973345
420063399239
420141806376
420302718050
421040844841
421054575557
421147639234
421295409055
421958080003
422202693451
422241276455
422714663447
423621892685
423774251216
423850791773
424087270086
424451893255
424492608160
424699322043
425344794949
425403284985
425716314362
425781216851
426049479155
426575279342
426709574404
428089009507
428125775205
428160979811
428203126264
428256060751
428342215041
428511523762
429016323291
429093214659
429119561323
429547662418
429993458016
430200223938
430213194089
430807331395
430903597671
431661814543
432018607399
432141294244
432439842638
432529020205
432535958370
432743126752
432994308990
433050118072
433711806669
438097098486
438176026409
438312668968
438415163568
445433008061
449307845172
449558164114
450525512418
451628931519
453223635540
458135545321
460237098742
462153923146
463254404572
466221313594
469793342900
471748477735
660591194795
665898808819
472214790372
477510109941
481224015320
499725437176
600749753474
601014565259
603804347519
603969009840
607222854390
608808507662
608954601146
609893993262
611672901528
612408841590
614010251996
616058404624
616509079524
616942740982
619302849264
619344940882
621384696490
623014968687
627442569553
629329056569
631491012175
632306647483
632848582402
632971416841
633427729997
634006880047
634150665576
634439592517
152019242329
152174264150
154740678620
155553816797
155944494443
156085933631
157311592554
157324092355
157339291262
157352388246
157382640321
157384551588
157604776111
157707301739
157758529731
157828906370
158212563124
158374486033
158502846302
158653122256
158810583746
159278812904
159766545239
159849373193
160314302532
160318314340
160503864490
160542808257
160854861773
161210624001
161244289924
161271358723
161337166101
161339277102
161377328149
161379812691
161380302471
161381735827
161425928574
161520264720
161526912960
161565055123
161572923170
161577837915
161580933291
161587430670
161788996159
161809713666
162126574060
162235826784
162484313431
162612741853
162734365500
162742951801
164545694756
164833758283
164940041698
165187514587
165201208034
0396304678053 -zplus
0336380126772 -zplus
0135220137912 -zplus
0336149127118 -zplus
273609667930
273709570536
273804962861
273896284629
273917951998
273979139853
274032187941
274197804967
274212305172
274219445109
274223692261
274273426946
274322027087
274352062171
274782145772
275323350990
275598112880
275937535264
275998365565
276282823907
276463644024
276580804837
281906054001
282060083777
282063481389
285334751174
285340409373
285414586009
285474114075
285532569670
285536575356
285581000148
285623137276
285684120156
285838573296
285892251031
285964837453
286046456852
289796434958
298896119566
299004976736
299086858555
299403922266
299606749950
304204314339
304256179825
304275627260
304350990531
304385217825
304500984106
304510659063
304549531699
304612081892
304640327894
304692879204
304882797721
304973387336
304973807056
304978576711
305032945528
305077909264
337207831800
337489979627
338607338838
260328945173
275645092479
305026644895
336815805197
337390789766
338633724629
338965370211
339255024135
339737843339
339844721919
340966927738
341040454546
341110084246
341578491198
343061175776
344189094284
344298211787
344771776215
345081980149
345186112988
346040761489
346131079530
346338026696
347252160077
347350024219
347397961911
348607515184
348668936836
348876297347
349372583637
349757490857
350280229692
350510140452
350711719457
350838236448
352704511949
353364850959
353570866232
354495548357
355088905137
355123723436
355497171468
355504836762
355617255269
356247624050
356528669336
357424440418
357475938322
357802359592
357966805935
658895771873
659729859712
660688242590
660980793417
661269770389
662138802729
663577270858
692023892429
697560112108
872171572514
895039363178
901034994924
477590743424
494565553314
494775982867
496048484306
634672893273
634685166739
635790751506
635961873273
636662045686
637097124502
637526932166
637611579153
637626954471
637628673264
637779314092
637844101374
637918111636
637918407777
638048503322
638181772227
638188295538
638285250386
638296775212
638302268677
638362809391
638570419146
638636782795
638642241095
638688376140
638727580347
638814058766
638959396563
639102004366
641621329912
641920302012
642790083797
642824709006
642932127723
158000448800
162840470914
163994895875
164110411399
270532490260
281790459210
286043783906
434172067637
434451518843
437934080455
438082107438
438457808991
477224152042
477374513465
477504155459
477528533257
477723677596
477727975681
642471335382
157437888135
158372561954
160286299007
268464660592
275949431875
281815998175
282093150774
336247326611
336389733902
336417809401
336498158757
336793984105
336841271171
336996075228
337267698627
337388030092
337471757318
337474253299
337936954962
338350915584
338589004639
338687869161
338773953125
338777762914
338815735207
341885730201
341962064212
792229787007
487617988370
487625492098
487638270478
487641542036
487650709307
487693615450
487699738245
638266125870
277376468608
277737628153
282831568366
284157153653
289718750609
289770653399
292969392474
301107026031
304540432773
306123779176
309170271365
309887695584
311644898886
311856391434
312836417700
315054607809
315671951705
319624926468
441279430905
442091011907
442298841918
443119897558
445865432762
457580339943
461014471475
464574313476
629997497602
150902814646
151499071313
152219301147
152307051565
152668101220
158292343005
159622228450
163358939597
164296833152
164662734816
272152823022
286436972641
304547520268
806804230861
806898688227
807577321725
269437140226
269778447589
270390608722
270701577372
271627347896
271804017789
272338121478
272445290043
272617210497
272637223446
272878168780
273196502331
273208133294
273217137887
273468389417
277919849925
278217210202
279145973030
279923096159
279969834661
279983416201
280076853896
280171165160
280177753132
280184905111
280206580104
280254677368
280303079433
280410030495
280568097302
280671855479
280686886802
280700468977
280731137989
280839065412
280847163889
280859104252
280900929506
280910935139
280913034433
280933842520
280943218933
281037007938
281197501765
281231007512
281266929384
281319046327
281320258955
281356110302
281415256934
281486843644
281494812175
281712807365
282249521946
282396996543
282426894696
282456247929
282483095043
282510258953
282516202394
282632412516
282754902049
282780785975
282781901619
282802556675
282873419480
282925037600
282927740829
282933244199
282958525693
283040104697
283274285001
283391016670
283439363278
283566679976
283588338318
283602935929
283625121033
283658481517
283696394855
283744989637
283753224743
284025572746
284129908366
284186137297
284246620752
284362454187
284421087677
284639542098
284689679072
284820827065
284951195033
285010214801
285016503152
285080122600
286156953685
286373834071
286418637650
286446771876
286529521732
286553138487
286567285443
286671141871
286728658956
287230340216
287408885976
287457619065
287485563682
287496199771
287614228802
287618835266
287695135600
287846233841
287998909274
288006725787
288131642997
288204667995
288277211187
288299371869
288331965667
288395517710
288405630484
288549999812
288569129985
288741240392
288758483799
288766089303
288767467094
288886568801
288974683201
289019197042
289175592439
289293030059
289316787557
289327623400
289362922834
289400360116
289643614243
289731617989
289742453743
289783375431
289828319390
289991839466
290039020333
290148371913
290237749548
290249699244
290250744513
290277696345
290327119565
290358559989
290417986886
290418794800
290430814760
290435306994
290514027475
290606912801
290634413554
290773773588
290776234116
290781886058
290816968919
290829704986
290844515338
291746370414
299791325274
299993228526
300005295761
300079677517
300171637372
300757016041
300790809129
300829493169
300846660650
300944175209
300971106726
301059965266
301128145704
301170760900
301256291212
301645276936
301807824098
301959565832
301963465067
302008043950
302081367875
302180002653
302589757819
302667045982
302731840895
302740211242
302815536041
302818416852
302832482451
302880593871
302891056808
303223764835
303373352883
303428602277
303466824914
303476914780
303557820931
303597550089
303598422798
303632159239
303640275877
303656430246
303664223137
303694629640
303744166347
303816255108
303825970849
303926628243
304047175234
304068754111
339674416542
340931020723
648058080416
648326335569
648460251923
648534121763
648594075761
648611258979
648630395280
648714739429
648717259412
648744403086
648795562404
648817911593
648848440987
648865659881
648875152150
648922179178
648924828609
648954193852
648999734607
649130308268
649207748546
649243992828
649322566865
649337534712
649426933754
649548903666
649556688388
649608816462
649621262154
649683836447
649699777086
649759767347
649899672303
649963686458
649992351075
650064015788
650071721214
650090677059
650138553192
650160614601
650221190587
650254005421
650267617437
650276930695
650330679805
650369870082
650388568618
650411196559
650447080235
650514610587
650564264082
650633028881
650636749134
650641521275
650655473607
650776444166
650785214682
650800222661
650840909461
650886174854
650891061026
650912946370
651045925171
651132541673
651300643307
651338630058
651423673687
651441999820
651592628594
651614040601
651650988042
651775066922
651794928386
651844345255
651910366344
652055082922
652132174038
652168067939
652183881688
652222563780
652231276008
652307624924
652312022852
652316144659
652413411593
652419703555
652437940963
652446836622
652449032021
652512821767
652522845876
652575932226
652605488952
652731889890
652741996335
652910254150
652972121469
653012403460
653064450986
653166875656
653195001811
653233349622
653248884972
653328030794
653347283379
653353827918
653377976265
653495791665
653520235324
653579819513
653590254416
653608490294
653615013882
653626273572
653749349796
653820352752
653835487678
653849075496
653865870204
653885776210
653906729867
653913631795
653938856890
653947801287
653954159708
653958057239
655208563835
655303623281
657625562729
657637261764
657682443948
657945397315
659878416637
660408494049
660473740829
660834628148
661568824417
661746308234
661973000345
662663433610
662981564829
663524475824
663789331781
337982632685
338321364113
339221546425
339299214578
339630584056
339854949068
340084289756
340748478489
340847815871
340864918227
340901848937
341064332035
341065119802
341166177534
341410119730
341716003498
341772501273
342934800708
343099792693
343117013908
343170574118
343685864278
343753279348
343854269323
344444889839
100007621892
100051210158
100094975717
100110357633
100179265610
100190803983
100248356614
100537911623
100689464534
100725583939
100736628148
100737971939
100743928613
100888153314
101326078701
101437508128
101567707033
101582343704
101604897499
101654576580
101680802271
101722019391
101781100702
101789817749
101916920625
102130456013
102169935275
102174627646
102382312761
102730824137
102779902544
102910481617
102990513079
103154950549
104116724888
104184758884
104323657085
104351028703
104568786465
104580616368
104594163100
104614802811
104636788575
104788908500
104981768727
0000012998364 -Messam
0000091875877-Messam
0000010824818-Messam
3067754301767-Messam
0000037589554 -Messam
5051222483107-Messam
0761303853518-Messam
2513164878524-Messam
5051210655677-Messam
8000000919380-Messam
8000000851666-Messam
0000017374361-Messam
0000013841607-Messam
2655171282151-Messam
6135781245617-Messam
5051224559237-Messam
5051221718965-Messam
0000044950569-Messam
8000002587983-Messam
0000026513409-Messam
0000066984061-Messam
5051221577678-Messam
6959685159296-Messam
0000088382272-Messam
8363062900216-Messam
0000087919929-Messam
3561249782166-Messam
3632416027349-Messam
0000015267573-Messam
5051222424476-Messam
0000092625136-Messam
3516429845131-Messam
0351246957451-Messam
0000043397105-Messam
0000047903852-Messam
0000091754790-Messam
0000079885393-Messam
5412142111110-Messam
9378904089966-Messam
8588030020240-Messam
5001005629604-Messam
5008843339412-Messam
5009664874212-Messam
5004776111392-Messam
0757939383789-Messam
3837651852163-Messam
315178263346-Messam
5007828000040-Messam
5051219277894-Messam
4898532382376-Messam
0000083250040-Messam
3516432065137-Messam
5065989105202-Messam
8000000866981-Messam
0513215613137-Messam
5000409796929-Messam
5001264636122-Messam
3360462031132-Messam
0656621846260-Messam
5051222439111-Messam
9120134286550-Messam
0000069179662-Messam
0785899608451-Messam
0840271671536-Messam
0866105735090-Messam
0869636631343-Messam
8678433805824-Messam
5051222367551-Messam
0000069802041-Messam
0000067599851-Messam
0495389836683-Messam
3630629002160-zplus
187221379693
187917552324
187946658585
188001371746
188014982625
188014990859
188047724537
188050009225
188260444120
188373066363
188635769322
188666708529
188750695551
188831867259
189103401850
189107321215
189113864201
189154237408
189155217607
189226079899
189231785075
189243316687
190039323055
190861466463
190967329204
191396872293
191589319338
191629771973
191654113434
191687264615
191689823445
191705499562
191719564133
191741839452
191804810367
191839813548
191844866713
191856712947
191858960780
191883831352
191888274628
191890511476
191906897532
191910791987
191912681378
191925093069
191942520425
238993011165
239002065858
239011827706
239014198773
239017560577
239036826647
239040489715
239064396976
239110555869
239117576317
239143808208
239148424311
239159177947
239164061255
239179612428
239185034498
239187303486
239204342221
239239117665
239242814940
239243251263
239263620261
239267699409
239291168094
239294489929
239296484359
239298671719
239371086706
239385627735
239430604469
239440114095
239454714557
239460112156
239477529756
239509590150
239560717152
239564971291
239571557648
239585730716
239600511061
239667013775
239676105089
239684288118
239710264529
239712723383
239713259928
239740186488
239791687767
239795965199
239800547754
239804047687
239812252844
239816591154
239821628036
239844035439
239855134787
239873178442
239916640790
239941254801
239953020272
239961378938
239964035500
239966800236
239973138728
240078925779
240082110543
240091706270
240102162842
240117809596
240125062846
240131369649
240138515391
240174052355
240175355523
240179926439
240183809957
240199549595
240203225774
240209299571
240210557257
240210642670
240238647275
240241995417
240244943392
240255267043
240263070901
240273317331
240277820349
240282726698
240291148078
240299044983
240299246240
240312655608
240321023627
240324422373
240325832003
240353086553
240375453531
240405281271
240414786286
240415922492
240421845839
240426067762
240504112124
240547860136
240550723879
240571150135
240574247320
240580466203
240583236643
240599917895
240632557811
240651728247
240673714907
240693646349
240697794176
240706315538
240731142666
240738218432
240758191746
240778863340
240794169211
240822383572
240824801135
240841419542
240852775170
240855395986
240860884383
240916067067
240917068292
240931817340
240936836292
240943416951
240952172480
240955667556
240971113150
241007401302
241015061536
241028746307
241038464499
241061758459
241062028636
241065006341
241092529714
241098717481
241104789488
241108679907
241136096110
241166971548
241169416312
241201135799
241214801766
241216193678
241243523509
241262989973
241278097174
241282719314
241307274347
241313570983
241336230338
241341003071
241345494189
241349980404
241360611325
241425590008
241437617076
241440445017
241479413216
241501522817
241512063262
241520380443
241523811500
241540504720
241569890873
241570309425
241582354413
241605471158
241607403546
241615110276
241619935257
241652746766
241676901905
241689640662
241692374790
241695296204
241704597391
241718277227
241734165133
241748268325
241753535610
241761181236
241782945497
241794734614
241803018223
241805740993
241817884234
241844942044
241866438051
241867837525
241915597258
241924907529
241946171519
241970233160
241988511311
242011518147
242015988922
242020469119
242039457794
242064247889
242079656430
242092099726
242107121961
242156639103
242165446549
242191915934
242196652445
242227328097
242245996544
242251833192
242263740952
242301408097
242320240289
242346787751
242435136415
242462320528
242481611126
242503246336
242506468438
242524304046
242542969463
242549545493
242560624832
242565518037
242576124531
242577561489
242584778498
242626573456
242644093394
242684552752
242694582183
242698670367
242715197457
242718211679
242753625547
242780599101
242794873693
242800193456
242818465026
242836422124
242838352924
242848210146
242885948545
242914169729
242925718794
242940343742
242943906173
242974417976
242999380354
243006459278
243012585770
243020211906
243042013274
243053141928
243151817961
243184773616
243193099523
243201196336
243208215368
243223072823
243266578269
243310385171
243325818046
243336931031
243346011686
243353146869
243354523942
243384801843
243391863483
243402490998
243403218355
243420936812
243435758249
243440970674
243449477181
243490342803
243491555981
243513678445
243514086454
243515888712
243521330236
243543228870
243551416016
243646438060
243655631612
243688152344
243699819410
243712284096
243749105791
243753824237
243758849648
243772742321
243792024490
243798226287
243876087144
243884948994
243918800403
243944544937
243961700583
243980174259
243981153505
243999858034
244069418233
244142692963
244157687534
244160035643
244164989744
244172271053
244179395530
244252020731
244330306450
244343029148
244416322893
244418250637
244418914423
244434132405
244450595062
244455469429
244459945387
244460859253
244502944480
244558221023
244580560848
244606078425
244624706638
244629687277
244636975183
244657848244
244663170865
244682455592
244685674457
244692378607
244695588119
244705900658
244707225537
244823751828
244846364173
244848068185
244849271249
244855819367
244856787399
244857087832
244874119035
244892476059
244923733236
244936157678
244957425084
245002262227
245009527312
245025188351
245050815772
245055057603
245058023902
245079135257
245094010591
342574786783
342730371785
343708472121
343873680499
344671832837
344965509308
345055259066
346571067289
347229546354
347258426474
347268254975
347419841726
347697649410
347875985453
348541093038
349223671278
349224840642
349312324887
349788346468
350007050677
350034462962
350565025797
350595421606
350614009372
350675357702
350733984604
351274939771
351520575302
351549487914
351909648924
352338746984
352843164914
353052577441
353311821223
353331031541
353568612964
353889182481
353891433793
354020294407
354041942776
354338398859
354362737372
354375248124
354394162944
354397965375
354643238369
354986828364
355010391922
355013293865
355048604834
355115798435
355153714541
355194561005
355236072841
355623617402
355723226504
355744069265
355747083091
355747422098
355905440643
355980591513
648116719654
649208692770
652247989992
654090303260
654400232204
654904884893
655641933714
655755307739
657406053217
657504934920
657514198497
657585796011
657816262438
658095967540
340060037104
340109816004
340600919471
340760656995
341007608005
342989843170
104197893374
104214167013
343615893989
343939275775
344266618334
346912291021
347004688965
655867721935
659506766066
660668318376
662339687408
662616465965
662829260623
663539061159
664145311461
665510020094
337781879915
338008575306
339114764387
339617236008
342306822376
342308875912
342401335818
342471921171
342500252009
342529772861
342553417622
102468318915
102510465949
102665005144
102779141059
103300487769
103419440877
103436565416
103477296966
103485914999
103606800729
103612980989
103616563089
103623061189
103664105347
103683458462
104068839159
190013116635
190916397278
190950691004
191088011818
191238902980
191262305313
191267550169
191409335432
243563960323
243573934529
243583651348
243622426845
243771745828
244355768974
244360072097
244478318889
244592870850
244617763822
244646459291
245026820236
245030323471
245041406156
245063503239
245723852769
245738136717
245739760867
245747707083
245861623078
344626013656
345346343832
345382003837
345528551406
347676368929
347679480154
347735093076
347779115727
347813689757
348096446099
348106038498
348719496364
659497140937
661125497108
661588037637
661767586758
661980923767
663239525388
663465689182
663534131826
663892651882
338480630487
339230086295
341232774155
341469882951
343690899258
100300131401
100892742313
101027337206
101027512078
101055785895
101056451386
101064605061
101414392382
101590113825
101919069888
101977721506
101979470044
102067608882
102178678149
102841338639
102913288800
102915974022
104754196412
104810169763
104988986292
105025114265
105026934282
105028637884
105031512215
105073998756
8707785222116-Messam
2358001951288-Messam
8000003370607-Messam
7351353701018 -Messam
5051222484296-Messam
5412315678907-Messam
5012345608907-Messam
0387742177253-Messam
4561234278413-Messam
5051221728032-Messam
0000087509700-Messam
6944271652046-Messam
0000059455240-Messam
8000000920942-Messam
2431542134249-Messam
0000012884230-Messam
5051219161797-Messam
5051217122622-Messam
5051226286452-Messam
3482684619506-Messam
0000088766829-Messam
0000044814236-Messam
2219785428130-Messam
0000027329801-Messam
0000079724869-Messam
0000053010018-Messam
6294020607057-Messam
5063071536019-Messam
5000001000004-Messam
3126251318422-Messam
3000095046072-Messam
0000060416766-Messam
3506025040382-Messam
0512642168425-Messam
6975188286475-Messam
8000002641838-Messam
8000002254243-Messam
5014286197748-Messam
3573973171451-Messam
5008568468541-Messam
4075283099467-Messam
0000042080312-Messam
1234567788128-Messam
0739601656018-Messam
0655295719276-Messam
0700669312901-Messam
0700780143507-Messam
5056444112316-Messam
0196337163898-Messam
5051222433034-Messam
0701584169847-Messam
0701848703022-Messam
0701897412722-Messam
0742425742652-Messam
0746818209043-Messam
8677178866855-Messam
0869864127267-Messam
0869882953046-Messam
0869958850354-Messam
0874788408378-Messam
5001381533595-Messam
5051226910333-Messam
5051226904059-Messam
0885081928630-Messam
0655142249475-zplus
0000043186945 -zplus
187177576207
187204082213
187229151000
187231199205
187254857366
187283828863
187285386361
187323402541
187334711359
187369664996
187383393865
187411108355
187423730476
187865022559
187880862161
187906582035
187966328949
187980577941
187981075330
187982593017
187983299024
187984297814
188001203948
188048609789
188075358629
188090314358
188090944135
188135070102
188147108411
188161378951
188163788789
188178468959
188189453647
188205805870
188220976005
188234015844
188239272594
188269079750
188274471198
188275719176
188278621148
188288679726
188301418936
188335490908
188337035244
188361341083
188372773552
188375226659
188433540444
188438813864
188452084813
188463176392
188515716224
188523379244
188540153728
188548986755
188554334038
188610123699
188631256215
188631473803
188649356990
188665496212
188667921408
188681197353
188688272763
188731929910
188733144588
188749153086
188759051648
188760027786
188778832709
188788306122
188801624325
188815734775
188823009834
188827124830
188827968441
188835149696
188845630689
188879248263
188905208803
188908685526
188911013088
188920830829
188947466957
188950435650
188952110869
188961420591
188980590398
188985735831
189014066186
189035160870
189050380987
189050851883
189068886921
189092342950
189100799110
189258929971
189262885607
189292347717
189415476591
189449977484
189450940514
189474526800
189476976061
189490866928
189561601793
189569424950
189599663442
189629527195
189668745895
189712951784
189714456096
189801716300
189998592596
190100616086
190108676310
190216650301
190356964993
190735153659
190830007550
190965939085
191453759932
191801604631
239274859377
239479651073
239512713966
240000262217
240050675142
240063756067
240147000024
240522564981
240770458261
241940577775
242152366546
242540207437
242554699433
243012988793
243332022610
243563552870
244333769634
244962202427
245098152303
245753051965
342729150353
342982857525
343169659093
343630802591
343738127640
343906639944
343983489135
344255560484
345040572934
346582827575
346630024581
347005629790
347021479249
347446034283
347462080035
347484220082
348050046921
348066287776
348082500125
348084222209
348381395255
348563377154
349240288428
349265998906
349268835697
349274313653
349286264929
349297201357
349314792769
349322104189
349341944490
349347373744
349379148471
349457837617
349464194819
349466612977
349484648798
349497421425
349500590643
349511899308
349520921427
349534710888
349540409967
349546619148
349549222901
349562536559
349564877094
349584876756
349587289386
349597464247
349603472600
349610065413
349611716345
349623460410
349639131984
349698981407
349699854380
349703431637
349710906791
349728224665
349737455999
349748427947
349765153980
349786751868
349795909984
349799843611
349808223151
349808750619
349813215905
349838519774
349866037592
349877696535
349891771508
349920062409
349936040859
350033428488
350075011624
350085747384
350124452545
350129708173
350151781946
350185848660
350212278682
350224806934
350228139632
350238447673
350271696922
350326426351
350330007591
350349770332
350396762922
350408783440
350425479067
350426687485
350426965750
350434580648
350457300117
350459190716
350469850938
350477241780
350478225789
350501497244
350518513227
350534943091
350559695623
350625910308
350628432937
350635611295
350643178582
350660875204
350683744013
350713582134
350740010662
350741709336
350806021670
350844113030
350844680051
350845811676
350848668574
350861037074
350861887686
350881803840
350900541401
350920692039
350951114845
350982919112
350998896773
351021628941
351042176339
351069191421
351081840314
351090754978
351111313603
351118940864
351129926772
351149836501
351174856475
351184607661
351192277542
351209487001
351224779983
351255078277
351265232171
351269976552
351277111730
351299428779
351305427369
351312971091
351336005260
351358867334
351378677203
351380308300
351402018132
351402349007
351420785788
351431951035
351449962672
351456594552
351468681141
351556708330
351560313278
351564104919
351580600815
351592749359
351593039558
351597251994
351600548585
351738972658
351741310638
351809716433
351814421834
351822174654
351841818720
351908963165
351926137838
351948512965
351958012967
351982142135
351982529936
352005006441
352024047487
352033936710
352053684660
352064602868
352093570336
352097295617
352102478769
352129608033
352143808365
352146704695
352151728112
352172639985
352188141694
352193270358
352211019891
352212326288
352216443905
352230031959
352258546169
352313666382
352336974426
352358329808
352361617749
352364698202
352381432537
352383508230
352404847539
352417659907
352435164773
352459364197
352461305379
352472601675
352485927854
352493028512
352524057597
352525959418
352538087924
352562168354
352565507167
352570254056
352579720231
352582899115
352590448077
352608019282
352615144052
352649007477
352656230752
352691490128
352710285292
352720114582
352739416349
352789920834
352791636891
352801326910
352804361567
352812162743
352812336892
352820604280
352847362828
352909319708
352919180220
352933136494
352949389051
352984416712
352991054358
353001748328
353041379070
353044451377
353052401272
353057835379
353076300131
353088413645
353089885922
353132730681
353146353036
353147391471
353169873832
353196172274
353202234897
353233245183
353252374468
353255175253
353263207007
353277803837
353284484029
353299367263
353319719560
353328100823
353398855593
353401223319
353408114641
353462605703
353470414786
353480973853
353493546648
353529399767
353533722421
353559406664
353570422803
353604679135
353645510350
353648402355
353658849591
353663082617
353663349024
353689645537
353707814815
353718667400
353769425196
353807820525
353818732084
353819074206
353820865701
353863825182
353870900186
353931404929
353957644927
353966561901
353974394539
353977116237
353980515539
353981986567
354002526649
354015722779
354026641755
354037745640
354070964176
354076983560
354089522206
354096472501
354112267555
354133824409
354135196702
354148682124
354172298483
354180569599
354211930879
354213167631
354221158928
354225962316
354236441855
354245015344
354261557248
354263664777
354280856940
354324426429
354419698410
354492069992
354533294284
354540436967
354547817875
354564812228
354577427846
354589769774
354646873352
354648513034
354649146378
354653360487
354657124610
354664224556
354673493370
354679230801
354722010640
354724562628
354726339969
354760829501
354769007955
354777993073
354807616347
354841506116
354919073601
354937216165
354937270259
354980570214
354997201590
355034211343
355061618757
355065675817
355069520526
355092335128
355097359860
355097992982
355122519092
355136948857
355151542306
355183667909
355206225147
355210751687
355217696363
355269570376
355276991034
355314332645
355316734874
355341552566
355350219658
355370203453
355403839055
355426541508
355437156609
355469420693
355507796681
355517968214
355519950996
355534844843
355537817707
355542995186
355570553433
355600239528
355618412579
355671575006
355686124497
355703400511
355775512259
355883141129
355954935978
355955317421
245221017394
245389278323
343327485359
347037606448
347038540420
